1.47108e+01 2.78228e+01 1.74633e+02 1.58352e+02 1.67028e+02 1.71511e+02
1.64662e+01 2.76233e+01 1.79086e+02 1.61370e+02 1.67670e+02 1.71578e+02
1.89232e+01 2.76995e+01 1.77867e+02 1.61322e+02 1.67091e+02 1.71552e+02
1.48272e+01 1.97701e+01 1.75382e+02 1.71788e+02 1.68828e+02 1.69754e+02
1.89126e+01 2.12307e+01 1.77868e+02 1.68500e+02 1.67098e+02 1.71557e+02
1.70323e+01 1.97084e+01 1.79085e+02 1.71941e+02 1.67465e+02 1.70105e+02
1.71072e+01 2.47975e+01 1.79972e+02 1.62700e+02 1.67249e+02 1.70278e+02
1.75135e+01 2.45863e+01 1.77956e+02 1.62843e+02 1.67969e+02 1.70366e+02
1.67668e+01 2.43283e+01 1.80000e+02 1.63018e+02 1.67503e+02 1.70473e+02
2.01667e+01 2.78332e+01 1.73085e+02 1.56768e+02 1.64808e+02 1.70492e+02
1.67097e+01 2.71579e+01 1.75940e+02 1.56024e+02 1.67703e+02 1.74272e+02
1.83303e+01 2.36232e+01 1.72355e+02 1.59574e+02 1.69315e+02 1.71695e+02
1.66556e+01 2.55371e+01 1.76284e+02 1.59089e+02 1.67528e+02 1.66685e+02
1.68554e+01 3.44652e+01 1.79980e+02 1.50164e+02 1.68558e+02 1.69549e+02
1.63662e+01 4.20162e+01 1.78774e+02 1.34726e+02 1.69042e+02 1.70904e+02
1.77800e+01 3.92833e+01 1.75922e+02 1.39138e+02 1.67786e+02 1.73371e+02
1.95778e+01 3.95196e+01 1.77548e+02 1.38889e+02 1.64870e+02 1.73317e+02
2.41906e+01 3.32462e+01 1.77616e+02 1.44131e+02 1.65026e+02 1.73387e+02
2.46764e+01 3.22188e+01 1.73281e+02 1.42349e+02 1.67474e+02 1.71444e+02
2.43697e+01 2.56178e+01 1.73360e+02 1.48949e+02 1.64403e+02 1.72526e+02
3.11647e+01 2.82267e+01 1.63395e+02 1.41410e+02 1.69463e+02 1.69961e+02
3.02336e+01 4.07887e+01 1.65199e+02 1.33515e+02 1.66541e+02 1.67539e+02
2.34898e+01 3.17356e+01 1.73725e+02 1.45884e+02 1.64795e+02 1.69992e+02
3.08983e+01 2.75870e+01 1.62880e+02 1.49750e+02 1.66222e+02 1.70210e+02
2.99995e+01 3.46822e+01 1.60386e+02 1.40910e+02 1.66653e+02 1.67643e+02
2.16903e+01 3.08729e+01 1.70777e+02 1.46700e+02 1.64416e+02 1.71856e+02
2.16208e+01 3.23417e+01 1.70806e+02 1.46796e+02 1.65154e+02 1.67035e+02
2.27636e+01 3.13507e+01 1.66985e+02 1.50755e+02 1.66917e+02 1.68274e+02
2.30716e+01 4.13803e+01 1.64094e+02 1.38316e+02 1.69776e+02 1.68110e+02
2.28668e+01 5.09233e+01 1.68639e+02 1.27729e+02 1.65205e+02 1.69916e+02
1.86713e+01 4.74878e+01 1.73217e+02 1.33332e+02 1.65546e+02 1.69794e+02
1.56729e+01 6.07335e+01 1.76056e+02 1.23836e+02 1.69702e+02 1.65756e+02
2.00866e+01 4.68543e+01 1.79980e+02 1.39550e+02 1.73244e+02 1.70598e+02
1.78835e+01 2.83432e+01 1.65345e+02 1.68106e+02 1.67480e+02 1.67610e+02
2.39340e+01 2.71325e+01 1.52425e+02 1.69727e+02 1.68668e+02 1.75939e+02
2.61608e+01 3.54116e+01 8.14557e+01 nan 1.67607e+02 1.73201e+02
3.09775e+01 3.28459e+01 4.43381e+01 2.11779e+01 1.67164e+02 1.72715e+02
4.86483e+01 4.33897e+01 3.34763e+01 2.41187e+01 1.76131e+02 1.72934e+02
6.02769e+01 5.11631e+01 3.63543e+01 2.34350e+01 1.72236e+02 1.74731e+02
7.18987e+01 5.69838e+01 4.01032e+01 2.52670e+01 1.66804e+02 1.78072e+02
8.04276e+01 8.30735e+01 4.24592e+01 4.00184e+01 1.68512e+02 1.78041e+02
1.04370e+02 1.01077e+02 5.38894e+01 5.46164e+01 1.73750e+02 1.77770e+02
1.10137e+02 1.11398e+02 6.19137e+01 6.85519e+01 1.75683e+02 1.77703e+02
1.22188e+02 1.20272e+02 6.68305e+01 6.92493e+01 1.73258e+02 1.77593e+02
1.22080e+02 1.27877e+02 6.77311e+01 6.85133e+01 1.73762e+02 1.77783e+02
1.29329e+02 1.36133e+02 7.13519e+01 7.43263e+01 1.73325e+02 1.75539e+02
1.35816e+02 1.33909e+02 7.13583e+01 6.73492e+01 1.72885e+02 1.77766e+02
1.37113e+02 1.38925e+02 7.28449e+01 8.23900e+01 1.67264e+02 1.75432e+02
1.47517e+02 1.43138e+02 8.59053e+01 7.99729e+01 1.71189e+02 1.75568e+02
1.41576e+02 1.50008e+02 8.19238e+01 8.24758e+01 1.73626e+02 1.75741e+02
1.46247e+02 1.47617e+02 9.20050e+01 8.14112e+01 1.73637e+02 1.75984e+02
1.48333e+02 1.49533e+02 9.19955e+01 7.98646e+01 1.73938e+02 1.75951e+02
1.60097e+02 1.74160e+02 8.69411e+01 1.00535e+02 1.58818e+02 1.58999e+02
1.68486e+02 1.58198e+02 9.51196e+01 1.09965e+02 1.59422e+02 1.55838e+02
1.12568e+02 1.63215e+02 7.26417e+01 9.32115e+01 1.74489e+02 1.74489e+02
1.21736e+02 1.61603e+02 8.24905e+01 9.47909e+01 1.74562e+02 1.76369e+02
1.56102e+02 1.67631e+02 1.15355e+02 1.38789e+02 1.74097e+02 1.74464e+02
1.59937e+02 1.67719e+02 1.20038e+02 1.42106e+02 1.76332e+02 1.74507e+02
1.66495e+02 1.73320e+02 1.30819e+02 1.53982e+02 1.73388e+02 1.74410e+02
1.61368e+02 1.73364e+02 1.27021e+02 1.56051e+02 1.75170e+02 1.74449e+02
1.33324e+02 1.31848e+02 1.08675e+02 1.26190e+02 1.76205e+02 1.75147e+02
1.34939e+02 1.31835e+02 1.13820e+02 1.26175e+02 1.76203e+02 1.75145e+02
1.70815e+02 1.37491e+02 1.45754e+02 1.34884e+02 1.61103e+02 1.75354e+02
1.68488e+02 1.60015e+02 1.50110e+02 1.66726e+02 1.63089e+02 1.55710e+02
1.31301e+02 1.13578e+02 1.14279e+02 1.30483e+02 1.55493e+02 1.50320e+02
1.73450e+02 1.78410e+02 1.54060e+02 1.68003e+02 1.68636e+02 1.75194e+02
1.79243e+02 1.78524e+02 1.59181e+02 1.39298e+02 1.75524e+02 1.78708e+02
1.75048e+02 1.76434e+02 1.59486e+02 1.68077e+02 1.76812e+02 1.77210e+02
1.75258e+02 1.73912e+02 1.60328e+02 1.69170e+02 1.77328e+02 1.72907e+02
1.56335e+02 1.78732e+02 1.64821e+02 8.85495e+01 1.22724e+02 1.41170e+02
1.75175e+02 1.78732e+02 1.59994e+02 8.85493e+01 1.77281e+02 1.79612e+02
1.76120e+02 1.78687e+02 1.59867e+02 1.49397e+02 1.75930e+02 1.79824e+02
1.59300e+02 1.77361e+02 1.62900e+02 9.00000e+01 1.56954e+02 1.47983e+02
1.72819e+02 1.78662e+02 1.60631e+02 1.29863e+02 1.77295e+02 1.77487e+02
1.77521e+02 1.76856e+02 1.62650e+02 1.30378e+02 1.71830e+02 1.78101e+02
1.79316e+02 1.79103e+02 1.65458e+02 1.69252e+02 1.74225e+02 1.76553e+02
1.77706e+02 1.78980e+02 1.61414e+02 1.69275e+02 1.74237e+02 1.77787e+02
1.79329e+02 1.79297e+02 1.65709e+02 1.69441e+02 1.74327e+02 1.78794e+02
1.77749e+02 1.77191e+02 1.61757e+02 1.30707e+02 1.74346e+02 1.78421e+02
1.77729e+02 1.74353e+02 1.60760e+02 1.66565e+02 1.74296e+02 1.76695e+02
1.77720e+02 1.75754e+02 1.65240e+02 1.66510e+02 1.71611e+02 1.79525e+02
1.78324e+02 1.76612e+02 1.64810e+02 1.64618e+02 1.71685e+02 1.77362e+02
1.72972e+02 1.79747e+02 1.57455e+02 1.69205e+02 1.29559e+02 1.78019e+02
1.63236e+02 1.72482e+02 1.64978e+02 1.61844e+02 1.55966e+02 1.76747e+02
1.64101e+02 1.70745e+02 1.61914e+02 1.60708e+02 1.59302e+02 1.44366e+02
1.77546e+02 1.69547e+02 1.65417e+02 1.61151e+02 1.71165e+02 1.72988e+02
1.77761e+02 1.72409e+02 1.63245e+02 1.61263e+02 1.56941e+02 1.48285e+02
1.38026e+02 1.64511e+02 1.34716e+02 1.66175e+02 1.75544e+02 1.59913e+02
1.69752e+02 1.68295e+02 1.57448e+02 1.66232e+02 1.55122e+02 1.69655e+02
1.26179e+02 1.49898e+02 1.16562e+02 1.38796e+02 1.77120e+02 1.62671e+02
1.27078e+02 1.28286e+02 1.20544e+02 1.28876e+02 1.74374e+02 1.65002e+02
1.26961e+02 1.28874e+02 1.22370e+02 1.27544e+02 1.77175e+02 1.67206e+02
1.32030e+02 1.32399e+02 1.20477e+02 1.29148e+02 1.74873e+02 1.66781e+02
1.16466e+02 1.39686e+02 1.11794e+02 1.35180e+02 1.75265e+02 1.71712e+02
1.32295e+02 1.63619e+02 1.28408e+02 1.66348e+02 1.76252e+02 1.69282e+02
1.66344e+02 1.66249e+02 1.64558e+02 1.66512e+02 1.55121e+02 1.71844e+02
1.60830e+02 1.61391e+02 1.62092e+02 1.65389e+02 1.53745e+02 1.60542e+02
1.72225e+02 1.61676e+02 1.56685e+02 1.67433e+02 1.56300e+02 1.70683e+02
1.32479e+02 1.39271e+02 1.30196e+02 1.29658e+02 1.77718e+02 1.69910e+02
1.62991e+02 1.75637e+02 1.69432e+02 1.69202e+02 1.52423e+02 1.55508e+02
1.67929e+02 1.56470e+02 1.67408e+02 1.69717e+02 1.49897e+02 1.51860e+02
1.72929e+02 1.77114e+02 1.71401e+02 1.71486e+02 1.75586e+02 1.74243e+02
1.69726e+02 1.57964e+02 1.37459e+02 1.73975e+02 1.23739e+02 1.66257e+02
1.63529e+02 1.74395e+02 1.62089e+02 1.67087e+02 1.75969e+02 1.77273e+02
1.67202e+02 1.75446e+02 1.64141e+02 1.67393e+02 1.71745e+02 1.78698e+02
1.67067e+02 1.70763e+02 1.66896e+02 1.69675e+02 1.74273e+02 1.78097e+02
1.69002e+02 1.71321e+02 1.62813e+02 1.71702e+02 1.73811e+02 1.77087e+02
1.67194e+02 1.71692e+02 1.64131e+02 1.67978e+02 1.74044e+02 1.70008e+02
1.72623e+02 1.49807e+02 1.66871e+02 1.77676e+02 1.53635e+02 1.70396e+02
1.64491e+02 1.64859e+02 1.64314e+02 1.73977e+02 1.76809e+02 1.40341e+02
1.66392e+02 1.70457e+02 1.69119e+02 1.66108e+02 1.79039e+02 1.70919e+02
1.65953e+02 1.67877e+02 1.71946e+02 1.70013e+02 1.49045e+02 1.40925e+02
1.61433e+02 1.67180e+02 1.62764e+02 1.68747e+02 1.71888e+02 1.71048e+02
1.78073e+02 1.66557e+02 1.68158e+02 1.68332e+02 1.20283e+02 1.41685e+02
1.65753e+02 1.61197e+02 1.71511e+02 1.73716e+02 1.66273e+02 1.70829e+02
1.58918e+02 1.63495e+02 1.61873e+02 1.67608e+02 1.66631e+02 1.73953e+02
1.76487e+02 1.48273e+02 1.68735e+02 1.71479e+02 1.48774e+02 1.74698e+02
1.78396e+02 1.41983e+02 1.67782e+02 1.74254e+02 1.49128e+02 1.69319e+02
1.20478e+02 1.56300e+02 1.33343e+02 1.29330e+02 1.71580e+02 1.68194e+02
1.78353e+02 1.40881e+02 1.69098e+02 1.76757e+02 1.47866e+02 1.75042e+02
1.25099e+02 1.61182e+02 1.42253e+02 1.31613e+02 1.67730e+02 1.64067e+02
1.76743e+02 1.46178e+02 1.75511e+02 1.65596e+02 1.46036e+02 1.77127e+02
1.25573e+02 1.47805e+02 1.43299e+02 1.62280e+02 1.70512e+02 1.78720e+02
1.19455e+02 1.59046e+02 1.36882e+02 1.28440e+02 1.74312e+02 1.61920e+02
1.17124e+02 1.58564e+02 1.31107e+02 1.33305e+02 1.69170e+02 1.64747e+02
1.17969e+02 1.59057e+02 1.35325e+02 1.32796e+02 1.69022e+02 1.64944e+02
1.18018e+02 1.37975e+02 1.31110e+02 1.72480e+02 1.68527e+02 1.78732e+02
1.19351e+02 1.55875e+02 1.33559e+02 1.29709e+02 1.66883e+02 1.58757e+02
1.75287e+02 1.41351e+02 1.73416e+02 1.73072e+02 1.45151e+02 1.78130e+02
1.75255e+02 1.40763e+02 1.69661e+02 1.73039e+02 1.44610e+02 1.78095e+02
1.74543e+02 1.36574e+02 1.80000e+02 1.71465e+02 1.43867e+02 1.78319e+02
1.77557e+02 1.66808e+02 1.72724e+02 1.32351e+02 1.42699e+02 1.59858e+02
1.21472e+02 1.64197e+02 1.41437e+02 1.37392e+02 1.65257e+02 1.57205e+02
1.10497e+02 1.62610e+02 1.28290e+02 1.34937e+02 1.66303e+02 1.55470e+02
1.21410e+02 1.64064e+02 1.45579e+02 1.31923e+02 1.68348e+02 1.57010e+02
1.18908e+02 1.63515e+02 1.38056e+02 1.30907e+02 1.63144e+02 1.56207e+02
1.13361e+02 1.41369e+02 1.32546e+02 1.67703e+02 1.63376e+02 1.74426e+02
1.09993e+02 1.67784e+02 1.31858e+02 1.42730e+02 1.69402e+02 1.57499e+02
1.74816e+02 1.31923e+02 1.68735e+02 1.74790e+02 1.37621e+02 1.78042e+02
1.15786e+02 1.39939e+02 1.37848e+02 1.67677e+02 1.68124e+02 1.78426e+02
1.10275e+02 1.67381e+02 1.32637e+02 1.38495e+02 1.61689e+02 1.60473e+02
1.08228e+02 1.66169e+02 1.32756e+02 1.33164e+02 1.66850e+02 1.59568e+02
1.13544e+02 1.65939e+02 1.37535e+02 1.37909e+02 1.62606e+02 1.59220e+02
1.13615e+02 1.63910e+02 1.33607e+02 1.31869e+02 1.62594e+02 1.57551e+02
1.19101e+02 1.36784e+02 1.38611e+02 1.69902e+02 1.58249e+02 1.76509e+02
1.12659e+02 1.66212e+02 1.36748e+02 1.30305e+02 1.59606e+02 1.59633e+02
1.09426e+02 1.71611e+02 1.36273e+02 1.33102e+02 1.62295e+02 1.62106e+02
1.09099e+02 1.66856e+02 1.32131e+02 1.36634e+02 1.62379e+02 1.53893e+02
1.09679e+02 1.63262e+02 1.33176e+02 1.29775e+02 1.61800e+02 1.53057e+02
1.10612e+02 1.68783e+02 1.33429e+02 1.35198e+02 1.61068e+02 1.52776e+02
1.74803e+02 1.38714e+02 1.76632e+02 1.69902e+02 1.36814e+02 1.71124e+02
1.12737e+02 1.63483e+02 1.36912e+02 1.30131e+02 1.59467e+02 1.53425e+02
1.14837e+02 1.38799e+02 1.37064e+02 1.69898e+02 1.54142e+02 1.70466e+02
1.06707e+02 1.69110e+02 1.32002e+02 1.32937e+02 1.60072e+02 1.55688e+02
1.06819e+02 1.68806e+02 1.28432e+02 1.35241e+02 1.59937e+02 1.52836e+02
1.06682e+02 1.66458e+02 1.31956e+02 1.35898e+02 1.60102e+02 1.53057e+02
1.02611e+02 1.72113e+02 1.23361e+02 1.38602e+02 1.58582e+02 1.54445e+02
1.02554e+02 1.72131e+02 1.23275e+02 1.38649e+02 1.58634e+02 1.54507e+02
1.12837e+02 1.72137e+02 1.33659e+02 1.38665e+02 1.55499e+02 1.55233e+02
1.04464e+02 1.68656e+02 1.23348e+02 1.34958e+02 1.53456e+02 1.51735e+02
1.15177e+02 1.31643e+02 1.42890e+02 1.76294e+02 1.53497e+02 1.71012e+02
1.76630e+02 1.31787e+02 1.78024e+02 1.76289e+02 1.31191e+02 1.71061e+02
1.07554e+02 1.74351e+02 1.36897e+02 1.40079e+02 1.55523e+02 1.56421e+02
1.08374e+02 1.77287e+02 1.36747e+02 1.38116e+02 1.55307e+02 1.56067e+02
1.03010e+02 1.38966e+02 1.27565e+02 1.69892e+02 1.54727e+02 1.71206e+02
1.03128e+02 1.69822e+02 1.22442e+02 1.36551e+02 1.55503e+02 1.53639e+02
1.02172e+02 1.69714e+02 1.27673e+02 1.42613e+02 1.59292e+02 1.53339e+02
1.12453e+02 1.69721e+02 1.38052e+02 1.42627e+02 1.59415e+02 1.53358e+02
1.08162e+02 1.72879e+02 1.32568e+02 1.43391e+02 1.55598e+02 1.53740e+02
1.01830e+02 1.69709e+02 1.31160e+02 1.42602e+02 1.59281e+02 1.53325e+02
1.02266e+02 1.69676e+02 1.27820e+02 1.42529e+02 1.59207e+02 1.53230e+02
1.13848e+02 1.38481e+02 1.42316e+02 1.70548e+02 1.54537e+02 1.67589e+02
1.08606e+02 1.71777e+02 1.28150e+02 1.42026e+02 1.54992e+02 1.52403e+02
1.06517e+02 1.69708e+02 1.27897e+02 1.36318e+02 1.60301e+02 1.52638e+02
1.06859e+02 1.69513e+02 1.33668e+02 1.42183e+02 1.59889e+02 1.52773e+02
1.02717e+02 1.69490e+02 1.28517e+02 1.42135e+02 1.58798e+02 1.52708e+02
1.02565e+02 1.69553e+02 1.23117e+02 1.42268e+02 1.58937e+02 1.52190e+02
1.06943e+02 1.71651e+02 1.28649e+02 1.34869e+02 1.59788e+02 1.51936e+02
1.06936e+02 1.72614e+02 1.28637e+02 1.49058e+02 1.59796e+02 1.51947e+02
1.10818e+02 1.71546e+02 1.33897e+02 1.47838e+02 1.60698e+02 1.51544e+02
1.10299e+02 1.71717e+02 1.33065e+02 1.44427e+02 1.61139e+02 1.52180e+02
1.06945e+02 1.66257e+02 1.32429e+02 1.35539e+02 1.59785e+02 1.51932e+02
1.06558e+02 1.69685e+02 1.27970e+02 1.42549e+02 1.60252e+02 1.53256e+02
1.06124e+02 1.69933e+02 1.02234e+02 1.43092e+02 1.60773e+02 1.53285e+02
1.06211e+02 1.75501e+02 1.27350e+02 1.49817e+02 1.60669e+02 1.59457e+02
1.12582e+02 1.37478e+02 1.36584e+02 1.69878e+02 1.59744e+02 1.76592e+02
1.09776e+02 1.74658e+02 1.31834e+02 1.49182e+02 1.62088e+02 1.59774e+02
1.08858e+02 1.56017e+02 1.31495e+02 1.47392e+02 1.62852e+02 1.61172e+02
1.06601e+02 1.70080e+02 1.30977e+02 1.30455e+02 1.64937e+02 1.61377e+02
1.06495e+02 1.65383e+02 1.26543e+02 1.31553e+02 1.65173e+02 1.59331e+02
1.13971e+02 1.64205e+02 1.39318e+02 1.29208e+02 1.66858e+02 1.57217e+02
1.17446e+02 1.48743e+02 1.36611e+02 1.57469e+02 1.64750e+02 1.73078e+02
1.17547e+02 1.64776e+02 1.44173e+02 1.33295e+02 1.72101e+02 1.58051e+02
1.11282e+02 1.64161e+02 1.34916e+02 1.30567e+02 1.72852e+02 1.59803e+02
1.20128e+02 1.62801e+02 1.42282e+02 1.35398e+02 1.72907e+02 1.60282e+02
1.19343e+02 1.57874e+02 1.39102e+02 1.33028e+02 1.70993e+02 1.60520e+02
1.69142e+02 1.42678e+02 1.59048e+02 1.70750e+02 1.47178e+02 1.74274e+02
1.72894e+02 1.46942e+02 1.66033e+02 1.63613e+02 1.48349e+02 1.77096e+02
1.57621e+02 1.45684e+02 1.73810e+02 1.68367e+02 1.69929e+02 1.57064e+02
1.79289e+02 1.44146e+02 1.71104e+02 1.74616e+02 1.20854e+02 1.48406e+02
1.77693e+02 1.56421e+02 1.67451e+02 1.33833e+02 1.50314e+02 1.65428e+02
1.76435e+02 1.39052e+02 1.67627e+02 1.74737e+02 1.54811e+02 1.64241e+02
1.54201e+02 1.73258e+02 1.60585e+02 1.61101e+02 1.75257e+02 1.78818e+02
1.60423e+02 1.70243e+02 1.66758e+02 1.65900e+02 1.75489e+02 1.79980e+02
1.54748e+02 1.71250e+02 1.60449e+02 1.62838e+02 1.75954e+02 1.78074e+02
1.68049e+02 1.72418e+02 1.72403e+02 1.60913e+02 1.75595e+02 1.77818e+02
1.56573e+02 1.66253e+02 1.62073e+02 1.63488e+02 1.77519e+02 1.63862e+02
1.64431e+02 1.64699e+02 1.08789e+02 1.67841e+02 1.80000e+02 1.66315e+02
1.62275e+02 1.67305e+02 1.59835e+02 1.66836e+02 1.47412e+02 1.57897e+02
1.69512e+02 1.79708e+02 1.06584e+02 1.62109e+02 1.78592e+02 1.69490e+02
1.78480e+02 1.58913e+02 1.59976e+02 1.62237e+02 1.64064e+02 1.65888e+02
1.73507e+02 1.78806e+02 1.10045e+02 1.62771e+02 1.77102e+02 1.70169e+02
1.67522e+02 1.40791e+02 1.43350e+02 1.33267e+02 1.59056e+02 1.67092e+02
1.77775e+02 1.78609e+02 8.47963e+01 1.67173e+02 1.74042e+02 1.76187e+02
1.72122e+02 1.78336e+02 1.70126e+02 1.16532e+02 1.71430e+02 1.70603e+02
1.78635e+02 1.71770e+02 1.64991e+02 1.67146e+02 1.75307e+02 1.75671e+02
1.78868e+02 1.76263e+02 1.67571e+02 1.71151e+02 1.75461e+02 1.75568e+02
1.36363e+02 1.76772e+02 1.37753e+02 1.33452e+02 1.75219e+02 1.75590e+02
1.34526e+02 1.43110e+02 1.33228e+02 1.34521e+02 1.73881e+02 1.75362e+02
1.77131e+02 1.76994e+02 1.68063e+02 1.71976e+02 1.73859e+02 1.73029e+02
1.34178e+02 1.35484e+02 9.94056e+01 1.28291e+02 1.75332e+02 1.77351e+02
1.38450e+02 1.38520e+02 1.33216e+02 1.00012e+02 1.75278e+02 1.77320e+02
1.38961e+02 1.35611e+02 1.33807e+02 1.28451e+02 1.75353e+02 1.77362e+02
1.38613e+02 1.36998e+02 1.33405e+02 1.33344e+02 1.75302e+02 1.75667e+02
1.74961e+02 1.75754e+02 1.61454e+02 1.65251e+02 1.70774e+02 1.73004e+02
1.80000e+02 1.78715e+02 1.66222e+02 1.68300e+02 1.73408e+02 1.75698e+02
1.78814e+02 1.32620e+02 1.68423e+02 1.27161e+02 1.75397e+02 1.73154e+02
1.78801e+02 1.78349e+02 1.71214e+02 1.73422e+02 1.75347e+02 1.73078e+02
1.38844e+02 1.32487e+02 1.32243e+02 1.28891e+02 1.75090e+02 1.73124e+02
1.69033e+02 1.65871e+02 1.63802e+02 1.66735e+02 1.64794e+02 1.63190e+02
1.43329e+02 1.66248e+02 1.36029e+02 1.67120e+02 1.72446e+02 1.57857e+02
1.17284e+02 1.30176e+02 9.98347e+01 1.29327e+02 1.72391e+02 1.76090e+02
1.18799e+02 1.60959e+02 1.11596e+02 1.40139e+02 1.70655e+02 1.60669e+02
1.72260e+02 1.59188e+02 1.37176e+02 8.50116e+01 1.60832e+02 1.60838e+02
1.68629e+02 1.55911e+02 1.55766e+02 1.40742e+02 1.64767e+02 1.55381e+02
1.75553e+02 1.76796e+02 1.66606e+02 1.71698e+02 1.73190e+02 1.77436e+02
1.44061e+02 1.76769e+02 1.32215e+02 1.71629e+02 1.73132e+02 1.77414e+02
1.38981e+02 1.30956e+02 1.28535e+02 1.32595e+02 1.73469e+02 1.73127e+02
1.64481e+02 1.66391e+02 1.60858e+02 1.43366e+02 1.61170e+02 1.61833e+02
1.59685e+02 1.66831e+02 1.70456e+02 1.38247e+02 1.68947e+02 1.55997e+02
1.58061e+02 1.62923e+02 1.68329e+02 1.45705e+02 1.65638e+02 1.58430e+02
1.42834e+02 1.68360e+02 1.34169e+02 1.74469e+02 1.66843e+02 1.77788e+02
1.46877e+02 1.68184e+02 1.39698e+02 1.71181e+02 1.65899e+02 1.77754e+02
1.52002e+02 1.15114e+02 1.04063e+02 9.55808e+01 1.68012e+02 1.78534e+02
1.47841e+02 1.04143e+02 1.35986e+02 1.08742e+02 1.66567e+02 1.78578e+02
1.50312e+02 1.04089e+02 1.42074e+02 8.80379e+01 1.71390e+02 1.78571e+02
1.48350e+02 1.22784e+02 1.34422e+02 1.32914e+02 1.65740e+02 1.79546e+02
1.46371e+02 1.59413e+02 1.29288e+02 1.76218e+02 1.65672e+02 1.79429e+02
1.53369e+02 1.61978e+02 1.31571e+02 1.78801e+02 1.67340e+02 1.78880e+02
1.48980e+02 1.64165e+02 1.32035e+02 1.76489e+02 1.57768e+02 1.76413e+02
1.49932e+02 1.64044e+02 1.34385e+02 1.74272e+02 1.65169e+02 1.78888e+02
1.43550e+02 1.75457e+02 1.30708e+02 1.37397e+02 1.59580e+02 1.54748e+02
1.47052e+02 1.09387e+02 1.33877e+02 9.40356e+01 1.62336e+02 1.79081e+02
1.46441e+02 1.20973e+02 9.85944e+01 1.01486e+02 1.62455e+02 1.78911e+02
1.47658e+02 1.60556e+02 9.70411e+01 1.77889e+02 1.63766e+02 1.77318e+02
1.46219e+02 1.18418e+02 9.72338e+01 1.00526e+02 1.62629e+02 1.75067e+02
1.44938e+02 1.18571e+02 9.60361e+01 1.00842e+02 1.62786e+02 1.77290e+02
1.47913e+02 1.18265e+02 1.31001e+02 1.02325e+02 1.62466e+02 1.77238e+02
1.46131e+02 1.09744e+02 1.27526e+02 9.70235e+01 1.66365e+02 1.77517e+02
1.59381e+02 1.50159e+02 1.42054e+02 1.78998e+02 1.66163e+02 1.75385e+02
1.59003e+02 1.51047e+02 1.41236e+02 1.78699e+02 1.63374e+02 1.77724e+02
1.53569e+02 1.51948e+02 1.37352e+02 1.79711e+02 1.67239e+02 1.77503e+02
1.59208e+02 1.06803e+02 1.43428e+02 9.81533e+01 1.65990e+02 1.75804e+02
1.59240e+02 1.13977e+02 7.74928e+01 1.03551e+02 1.66022e+02 1.74186e+02
1.47794e+02 1.54863e+02 1.65536e+02 1.76532e+02 1.63577e+02 1.74213e+02
1.49039e+02 1.50850e+02 1.80000e+02 1.75627e+02 1.64846e+02 1.70116e+02
1.34769e+02 1.69314e+02 1.73167e+02 1.36178e+02 1.75421e+02 1.54683e+02
1.49602e+02 1.01334e+01 1.34337e+02 1.11332e+01 1.64735e+02 1.71579e+02
1.37910e+02 1.54969e+02 1.52471e+02 1.65317e+02 1.64014e+02 1.68665e+02
1.31362e+02 9.52830e+01 1.35025e+01 8.69543e+01 1.63453e+02 1.71671e+02
1.30486e+02 1.48709e+02 9.89028e+00 1.77508e+02 1.63867e+02 1.67643e+02
1.43635e+02 1.49433e+02 3.61574e+00 1.72315e+02 1.62261e+02 1.68148e+02
1.36636e+02 1.02872e+02 3.43405e+00 9.73245e+01 1.63627e+02 1.69804e+02
1.41528e+02 1.43527e+02 1.35693e+02 1.77281e+02 1.60497e+02 1.70143e+02
1.40165e+02 1.45809e+02 2.28165e+00 1.77720e+02 1.60731e+02 1.69889e+02
1.49361e+02 1.52490e+02 1.41409e+02 1.66724e+02 1.54307e+02 1.65063e+02
1.43099e+02 1.50395e+02 1.34157e+02 1.72366e+02 1.57419e+02 1.64888e+02
1.26218e+02 1.46729e+02 1.23977e+02 1.68977e+02 1.62805e+02 1.65255e+02
1.27146e+02 1.42151e+02 1.24056e+02 1.76027e+02 1.62428e+02 1.63829e+02
1.44363e+02 9.59886e+01 1.33962e+02 9.09697e+01 1.53036e+02 1.63110e+02
1.44754e+02 1.49808e+02 1.38976e+02 1.69072e+02 1.61350e+02 1.67519e+02
1.20003e+02 1.48940e+02 1.15097e+02 1.69030e+02 1.62004e+02 1.62582e+02
1.38398e+02 1.46623e+02 1.31145e+02 1.73529e+02 1.58791e+02 1.62506e+02
1.38330e+02 1.46527e+02 1.31979e+02 1.73546e+02 1.58622e+02 1.62368e+02
1.41311e+02 9.74512e+01 1.34061e+02 9.31937e+01 1.57589e+02 1.62216e+02
1.37740e+02 1.42523e+02 1.30802e+02 1.76411e+02 1.56244e+02 1.65616e+02
1.40235e+02 1.42424e+02 1.36600e+02 1.76424e+02 1.58190e+02 1.65492e+02
1.30339e+02 1.40321e+02 1.62870e+02 1.76451e+02 1.58994e+02 1.60720e+02
1.38047e+02 1.42873e+02 1.31486e+02 1.78967e+02 1.58157e+02 1.60046e+02
1.29477e+02 1.47715e+02 1.53087e+02 1.80000e+02 1.56167e+02 1.56799e+02
1.70894e+02 2.03743e+01 1.23727e+02 3.67528e+01 1.58628e+02 1.58248e+02
1.74669e+02 1.44912e+02 1.15730e+02 1.76289e+02 1.57172e+02 1.59426e+02
1.77183e+02 1.39513e+02 1.37732e+02 1.73301e+02 1.56958e+02 1.56977e+02
1.40908e+02 1.44917e+02 1.31128e+02 1.77476e+02 1.53908e+02 1.60151e+02
1.34949e+02 1.50423e+02 1.24781e+02 1.76954e+02 1.53790e+02 1.53395e+02
1.43169e+02 1.50367e+02 1.28537e+02 1.76976e+02 1.51666e+02 1.53015e+02
1.69312e+02 1.48525e+02 1.38051e+02 1.74158e+02 1.51269e+02 1.57577e+02
1.39255e+02 1.50502e+02 1.24505e+02 1.75245e+02 1.53531e+02 1.54753e+02
1.66968e+02 1.50372e+02 1.34878e+02 1.76974e+02 1.47075e+02 1.55553e+02
1.69745e+02 1.45672e+02 1.44119e+02 1.75114e+02 1.49909e+02 1.59147e+02
1.42961e+02 1.45962e+02 1.26338e+02 1.80000e+02 1.47207e+02 1.56888e+02
1.37063e+02 1.51674e+02 1.27102e+02 1.80000e+02 1.55373e+02 1.53784e+02
1.72145e+02 9.65930e+01 1.39088e+02 8.37664e+01 1.53258e+02 1.57331e+02
1.75310e+02 9.82788e+01 1.40969e+02 4.32025e+01 1.51379e+02 1.55852e+02
1.76156e+02 1.41339e+01 1.36402e+02 1.44756e+01 1.52885e+02 1.56830e+02
1.73479e+02 1.71520e+01 1.40376e+02 1.01538e+01 1.53027e+02 1.55939e+02
1.33007e+02 1.43993e+02 1.20100e+02 1.78729e+02 1.53381e+02 1.60609e+02
1.34788e+02 1.46399e+02 1.20019e+02 1.77793e+02 1.51619e+02 1.55874e+02
1.74422e+02 1.01744e+02 1.43066e+02 9.24614e+01 1.51170e+02 1.60104e+02
1.45349e+02 1.42600e+02 1.29219e+02 1.80000e+02 1.46379e+02 1.59764e+02
1.43144e+02 1.44160e+02 1.28265e+02 1.77005e+02 1.51131e+02 1.55673e+02
1.68893e+02 1.45962e+02 1.34554e+02 1.75287e+02 1.51193e+02 1.55876e+02
1.34793e+02 1.47322e+02 1.20011e+02 1.76993e+02 1.51591e+02 1.52716e+02
1.43140e+02 1.40654e+02 1.29184e+02 1.75077e+02 1.51274e+02 1.57140e+02
1.40991e+02 1.42541e+02 1.23939e+02 1.80000e+02 1.50981e+02 1.56903e+02
1.72000e+02 1.44706e+02 1.35864e+02 1.75315e+02 1.52672e+02 1.56834e+02
1.47842e+02 1.42563e+02 1.31757e+02 1.79980e+02 1.51121e+02 1.57016e+02
1.45357e+02 1.42551e+02 1.29081e+02 1.79980e+02 1.46029e+02 1.56956e+02
1.47817e+02 1.44706e+02 1.34873e+02 1.75315e+02 1.48085e+02 1.56835e+02
1.29392e+02 1.40970e+02 1.18195e+02 1.70585e+02 1.54448e+02 1.51761e+02
1.50382e+02 1.49604e+02 1.36481e+02 1.74197e+02 1.51151e+02 1.56052e+02
1.46125e+02 1.43882e+02 1.35133e+02 1.78739e+02 1.49906e+02 1.60271e+02
1.73432e+02 1.43802e+02 1.40287e+02 1.78747e+02 1.52539e+02 1.57406e+02
1.46061e+02 1.40624e+02 1.31697e+02 1.75101e+02 1.52539e+02 1.56937e+02
1.71689e+02 2.06956e+01 1.40328e+02 1.03607e+01 1.51139e+02 1.57498e+02
1.47945e+02 1.42696e+02 1.32246e+02 1.80000e+02 1.51881e+02 1.57632e+02
1.48219e+02 1.36059e+02 1.44883e+02 1.65723e+02 1.56897e+02 1.57667e+02
1.48735e+02 1.53179e+01 1.34762e+02 1.34576e+01 1.56323e+02 1.58081e+02
1.39877e+02 1.50101e+01 1.27321e+02 1.44633e+01 1.57643e+02 1.58497e+02
1.48717e+02 1.41845e+02 1.37857e+02 1.71627e+02 1.53529e+02 1.62871e+02
1.48836e+02 1.41228e+02 1.68526e+02 1.75227e+02 1.53756e+02 1.61978e+02
1.45712e+02 1.36741e+02 1.38781e+02 1.73093e+02 1.60928e+02 1.63805e+02
1.78834e+02 1.38156e+02 1.51080e+02 1.70126e+02 1.61339e+02 1.66822e+02
1.47181e+02 1.34725e+02 1.42990e+02 1.68351e+02 1.59829e+02 1.68629e+02
1.46116e+02 1.45146e+02 1.42264e+02 1.78918e+02 1.61620e+02 1.63785e+02
1.09867e+02 1.40553e+02 1.32409e+02 1.78182e+02 1.60133e+02 1.66320e+02
1.06529e+02 1.40610e+02 1.29724e+02 1.76912e+02 1.63471e+02 1.66384e+02
1.04337e+02 1.36634e+02 1.35633e+02 1.75064e+02 1.68324e+02 1.70971e+02
1.46262e+02 1.41606e+02 1.39641e+02 1.79980e+02 1.61851e+02 1.71364e+02
1.35998e+02 1.42041e+02 1.48802e+02 1.80000e+02 1.68036e+02 1.69241e+02
1.34586e+02 1.42371e+02 1.53305e+02 1.79972e+02 1.62684e+02 1.69458e+02
1.52299e+02 1.41926e+02 6.92308e+01 1.80000e+02 1.64006e+02 1.70499e+02
1.46340e+02 1.45068e+02 9.20157e+01 1.75358e+02 1.64464e+02 1.72116e+02
1.28205e+02 1.43645e+02 1.71668e+02 1.79196e+02 1.62588e+02 1.71645e+02
1.28366e+02 1.38322e+02 1.67448e+02 1.75641e+02 1.62965e+02 1.72399e+02
1.02659e+02 1.40199e+02 1.23973e+02 1.78836e+02 1.67341e+02 1.73822e+02
1.51322e+02 1.40973e+02 1.34213e+02 8.80815e+01 1.62215e+02 1.74049e+02
1.01289e+02 1.38496e+02 1.13390e+02 9.36182e+01 1.68711e+02 1.77646e+02
9.90576e+01 1.34329e+02 1.04993e+02 1.74829e+02 1.70942e+02 1.76659e+02
1.41541e+02 1.49547e+02 4.11741e+01 1.58125e+02 1.67015e+02 1.73137e+02
1.46090e+02 1.54140e+02 6.20785e+00 1.76273e+02 1.68972e+02 1.71362e+02
1.52286e+02 9.96657e+01 1.02236e+02 1.01660e+02 1.70050e+02 1.78178e+02
1.58832e+02 1.05321e+02 1.45685e+02 1.00991e+02 1.70629e+02 1.77904e+02
1.51209e+02 1.41100e+02 1.54139e+02 1.77920e+02 1.68289e+02 1.79143e+02
1.50183e+02 1.19175e+02 1.32875e+02 1.08030e+02 1.69257e+02 1.79090e+02
1.50138e+02 1.15867e+02 1.50138e+02 1.03412e+02 1.71937e+02 1.79309e+02
1.61562e+02 1.07073e+02 1.01827e+02 9.26209e+01 1.76746e+02 1.78643e+02
1.55497e+02 1.08603e+02 8.77545e+01 9.34291e+01 1.73552e+02 1.78651e+02
1.58328e+02 1.78545e+02 1.30410e+02 1.36364e+02 1.75772e+02 1.56945e+02
1.48909e+02 1.78759e+02 1.42973e+02 1.41289e+02 1.65151e+02 1.63546e+02
1.71971e+02 1.70100e+02 1.79207e+02 1.58481e+02 1.75769e+02 1.78183e+02
1.71864e+02 1.53222e+02 1.00241e+02 1.79595e+02 1.74428e+02 1.71151e+02
1.53547e+02 1.59290e+02 1.26615e+02 1.47487e+02 1.79092e+02 1.65493e+02
1.78729e+02 1.53107e+02 8.23009e+01 1.50462e+02 1.73572e+02 1.59574e+02
1.77649e+02 1.56453e+02 1.00721e+01 1.75166e+02 1.79143e+02 1.55837e+02
1.74723e+02 1.58029e+02 1.00504e+02 1.56757e+02 1.77788e+02 1.54336e+02
1.44344e+02 1.35389e+02 1.29951e+02 8.72301e+01 1.76282e+02 1.57233e+02
1.42609e+02 1.66143e+02 1.29782e+02 1.36575e+02 1.77591e+02 1.70341e+02
1.40803e+02 1.50613e+02 1.25702e+02 1.03941e+02 1.78769e+02 1.62103e+02
1.38493e+02 1.65842e+02 1.27364e+02 1.43547e+02 1.79083e+02 1.75106e+02
1.41160e+02 1.66837e+02 1.24377e+02 1.33460e+02 1.72503e+02 1.77740e+02
1.61745e+02 1.64675e+02 1.54114e+02 1.29748e+02 1.55698e+02 1.80000e+02
1.41218e+02 1.65601e+02 1.24754e+02 1.24358e+02 1.76544e+02 1.72575e+02
1.41522e+02 1.64746e+02 1.25206e+02 1.38998e+02 1.78864e+02 1.74314e+02
1.39712e+02 1.65442e+02 1.25185e+02 1.33376e+02 1.74253e+02 1.78869e+02
1.44822e+02 1.63450e+02 1.24356e+02 1.33283e+02 1.69977e+02 1.64068e+02
1.72574e+02 1.66199e+02 1.17959e+02 1.40163e+02 1.64377e+02 1.74859e+02
1.76664e+02 1.63921e+02 1.74425e+02 1.40119e+02 1.74186e+02 1.68592e+02
1.74329e+02 1.26206e+02 nan 1.37363e+02 1.74329e+02 1.69828e+02
1.78165e+02 1.20317e+02 1.74586e+02 1.28208e+02 1.78766e+02 1.69873e+02
1.75883e+02 1.65853e+02 1.61575e+02 1.74096e+02 1.61238e+02 1.65201e+02
1.75450e+02 1.15799e+02 1.33264e+02 1.29742e+02 1.70143e+02 1.64886e+02
1.75546e+02 1.63822e+02 1.60951e+02 1.24963e+02 1.67632e+02 1.64802e+02
1.70605e+02 1.66067e+02 1.64302e+02 1.78549e+02 1.64004e+02 1.64852e+02
1.70607e+02 1.71652e+02 1.67326e+02 1.12487e+02 1.63671e+02 1.67988e+02
1.36326e+02 1.33593e+02 1.39309e+02 1.49053e+02 1.74220e+02 1.65711e+02
1.77486e+02 1.76119e+02 1.06091e+02 1.74015e+02 1.65234e+02 1.66148e+02
1.69849e+02 1.61747e+02 1.73832e+02 1.75916e+02 1.69767e+02 1.78300e+02
1.79509e+02 1.71281e+02 1.74654e+02 1.74321e+02 1.65868e+02 1.67934e+02
1.73377e+02 1.73690e+02 1.70166e+02 9.01322e+01 1.65191e+02 1.61962e+02
1.53750e+02 1.04200e+02 1.73977e+02 1.42480e+02 1.43641e+02 1.28115e+02
1.50884e+02 1.50908e+02 1.66236e+02 8.25653e+01 1.78543e+02 1.78817e+02
1.63801e+02 1.66752e+02 1.68612e+02 7.42712e+01 1.29573e+02 1.28224e+02
1.20818e+02 1.52732e+02 1.56685e+02 5.92968e+01 1.73342e+02 1.61066e+02
1.36065e+02 1.40275e+02 1.69880e+02 1.63626e+02 1.76544e+02 1.71994e+02
1.27196e+02 1.28064e+02 1.72047e+02 1.57989e+02 1.49487e+02 1.53175e+02
1.22066e+02 1.30153e+02 1.76287e+02 1.68828e+02 1.74701e+02 1.72080e+02
1.12664e+02 1.16690e+02 1.78274e+02 1.63376e+02 1.71869e+02 1.79015e+02
9.52047e+01 1.14035e+02 1.68509e+02 1.77781e+02 1.74795e+02 1.69675e+02
